  96.25		3.00239
  96.00		2.99448
  95.95		2.99289
  95.90		2.9913
  95.85		2.9897
  95.80		2.98809
  95.75		2.98645
  95.72		2.98545
  95.71		2.98509
  95.71		2.98493
  95.72		2.98519
  95.75		2.98601
  95.80		2.98743
  95.85		2.98885
  95.90		2.99028
  95.95		2.99169
  96.00		2.99309
  96.05		2.99446
  96.10		2.99577
  96.15		2.99696
  96.16		2.99716
  96.17		2.99734
  96.18		2.99746
  96.185	2.99746
  96.188	2.99739
  96.188	2.99706
  96.185	2.99676
  96.18		2.9964
  96.17		2.99578
  96.16		2.99521
  96.15		2.99466
  96.10		2.99205
  96.05		2.98944
  96.00		2.98671
  95.95		2.98376
  95.90		2.9804
  95.85		2.97619
  95.84		2.97513
  95.83		2.97392
  95.82		2.97248
  95.81		2.97054
  95.805	2.96901
  95.805	2.96463
  95.81		2.96307
  95.82		2.9611
  95.83		2.95962
  95.84		2.95838
  95.85		2.95729
  95.90		2.9529
  95.95		2.94939
  96.00		2.94631
  96.25		2.93356
